%YAML:1.0
alpha: 2.9165228604083580e+01
beta: -2.9565162414120802e+01
