%YAML:1.0
alpha: 1.1390134431726649e+02
beta: -6.9049327841366775e+01
