%YAML:1.0
alpha: 2.9145149134431215e+01
beta: -2.9369247010186172e+01
